0 0.277286 0.102321 0.035398 0.018987
1 0.485251 0.103376 0.038348 0.016878
2 0.753687 0.102321 0.032448 0.018987
3 0.890855 0.102321 0.035398 0.018987
4 0.314159 0.155063 0.274336 0.023207
5 0.746313 0.156118 0.395280 0.025316
6 0.371681 0.180380 0.389381 0.023207
7 0.811209 0.179325 0.271386 0.021097
8 0.351032 0.225738 0.613569 0.025316
9 0.735988 0.224684 0.073746 0.035865
10 0.423304 0.260549 0.769912 0.023207
11 0.486726 0.292194 0.896755 0.023207
12 0.134218 0.318565 0.091445 0.025316
13 0.362832 0.318565 0.176991 0.025316
14 0.665192 0.317511 0.221239 0.027426
15 0.887906 0.317511 0.088496 0.027426
16 0.323009 0.377637 0.569322 0.025316
17 0.805310 0.377637 0.277286 0.029536
18 0.175516 0.412447 0.262537 0.023207
19 0.595870 0.410338 0.094395 0.027426
20 0.246313 0.444093 0.309735 0.023207
21 0.510324 0.443038 0.094395 0.029536
22 0.777286 0.441983 0.315634 0.027426
23 0.244838 0.474684 0.312684 0.025316
24 0.510324 0.472574 0.094395 0.025316
25 0.778761 0.473629 0.318584 0.027426
26 0.206490 0.508439 0.117994 0.025316
27 0.249263 0.554852 0.315634 0.025316
28 0.517699 0.554852 0.097345 0.025316
29 0.783186 0.553797 0.321534 0.027426
30 0.249263 0.580169 0.321534 0.025316
31 0.696165 0.580169 0.489676 0.025316
32 0.396755 0.604430 0.539823 0.023207
33 0.846608 0.604430 0.188791 0.023207
34 0.532448 0.628692 0.817109 0.025316
35 0.361357 0.652954 0.463127 0.023207
36 0.098820 0.695148 0.091445 0.023207
37 0.221239 0.694093 0.088496 0.025316
38 0.100295 0.719409 0.094395 0.025316
39 0.222714 0.719409 0.091445 0.025316
40 0.349558 0.695148 0.085546 0.023207
41 0.349558 0.718354 0.091445 0.027426
42 0.483776 0.693038 0.088496 0.027426
43 0.482301 0.718354 0.091445 0.023207
44 0.620944 0.695148 0.085546 0.023207
45 0.620944 0.719409 0.091445 0.025316
46 0.747788 0.694093 0.085546 0.025316
47 0.747788 0.718354 0.091445 0.023207
48 0.884956 0.694093 0.088496 0.025316
49 0.889381 0.718354 0.085546 0.018987
50 0.535398 0.763713 0.746313 0.025316
51 0.383481 0.787975 0.094395 0.023207
52 0.256637 0.810127 0.336283 0.025316
53 0.517699 0.812236 0.091445 0.029536
54 0.777286 0.810127 0.339233 0.029536
55 0.553097 0.843882 0.746313 0.025316
56 0.553097 0.866034 0.746313 0.023207
57 0.380531 0.890295 0.088496 0.025316
58 0.256637 0.915612 0.336283 0.021097
59 0.516224 0.913502 0.088496 0.021097
60 0.775811 0.912447 0.336283 0.023207
61 0.525074 0.946203 0.814159 0.023207
62 0.526549 0.969409 0.817109 0.023207
63 0.861357 0.408228 0.106195 0.031646
